# "Name"
# clipNumber
# frameCount
# frame, xpos, ypos, similarity, zdepth

"head"
1
151
0 940.363953 788.944336 1.000000
1 935.830811 788.699341 0.994008
2 930.567749 788.493347 0.993288
3 924.429321 788.430664 0.992094
4 917.557983 787.697327 0.992916
5 910.240723 787.328430 0.992936
6 902.833069 786.582336 0.992822
7 896.122253 785.611328 0.990293
8 888.502991 784.618103 0.992609
9 881.492188 783.767212 0.992648
10 873.978882 782.930481 0.991837
11 866.542725 782.889221 0.991742
12 858.965332 782.277405 0.992233
13 851.565796 781.537292 0.991170
14 845.422729 781.510010 0.991493
15 839.328186 780.980347 0.989616
16 835.548340 780.292175 0.990293
17 832.497314 780.285156 0.990707
18 830.931702 779.549622 0.990585
19 830.905762 779.542358 0.987746
20 831.153320 778.459351 0.987937
21 832.788635 777.222290 0.987942
22 835.847473 775.732300 0.984326
23 840.324219 773.725525 0.980762
24 844.742737 771.209473 0.979213
25 849.321716 768.173096 0.972127
26 854.050598 764.629517 0.963730
27 858.523804 761.328674 0.952912
28 862.438904 758.106384 0.946715
29 866.162537 754.675171 0.937012
30 870.754700 751.886292 0.927886
31 875.418823 748.939087 0.919061
32 880.845581 746.536194 0.905144
33 887.493530 743.968933 0.900257
34 894.620361 741.639893 0.887946
35 901.792725 738.841309 0.881126
36 909.459717 735.674438 0.867145
37 916.777771 733.849731 0.857086
38 923.808289 731.744995 0.844540
39 930.455688 730.505371 0.844745
40 936.426880 730.181946 0.845046
41 941.872559 731.843140 0.853307
42 946.014648 735.031372 0.869646
43 949.135559 740.182129 0.899562
44 950.087280 746.890442 0.929012
45 949.481567 755.271973 0.957666
46 947.945374 764.419678 0.981345
47 944.920715 773.749573 0.991785
48 941.599792 783.510620 0.988391
49 937.615479 792.558105 0.972465
50 934.508728 800.683228 0.948718
51 931.582336 808.472168 0.913236
52 929.309509 814.802551 0.886556
53 927.038940 820.294739 0.866927
54 924.862000 824.091187 0.849188
55 922.810791 827.060669 0.831001
56 920.656677 828.688477 0.818876
57 918.479248 828.547180 0.828187
58 916.102966 827.316223 0.836767
59 914.426270 823.246460 0.860785
60 911.610168 817.902771 0.900145
61 909.441833 810.647644 0.933589
62 906.429810 801.995728 0.967974
63 904.140198 792.406006 0.986967
64 901.263794 783.169678 0.991282
65 898.982666 774.339722 0.980674
66 896.853271 766.371826 0.959800
67 894.730286 758.866638 0.939634
68 893.165833 751.556091 0.906228
69 891.785217 743.769958 -1.000000
70 890.956238 736.374084 -1.000000
71 890.192993 729.159668 -1.000000
72 889.623352 721.823792 -1.000000
73 888.863281 714.379944 -1.000000
74 888.218994 706.655579 1.000000
75 888.200928 700.641724 0.991655
76 888.190735 695.610291 0.992152
77 889.183167 689.611877 0.986950
78 890.153137 683.130310 0.983021
79 892.133728 676.137695 0.970955
80 893.498413 667.870728 0.957022
81 894.894714 659.544128 0.932339
82 896.299438 651.245239 0.900865
83 897.453918 643.216003 0.872906
84 898.588928 635.982483 0.839905
85 899.192017 630.485352 0.819595
86 899.634338 626.048035 0.794839
87 900.194214 624.596191 0.800904
88 900.508362 624.297058 0.802378
89 900.671448 626.785217 0.817457
90 900.678589 630.680237 0.838310
91 900.152283 635.002441 0.856068
92 900.001770 640.430420 0.880597
93 899.971802 644.862854 0.892634
94 900.469971 649.660767 0.915206
95 900.842896 654.411316 0.932766
96 901.164063 658.729004 0.947944
97 902.027405 662.887085 0.956567
98 902.178162 666.224548 0.964762
99 903.082703 669.337952 0.968338
100 903.226074 672.466614 0.973408
101 904.259155 675.545959 0.977727
102 905.301392 678.536926 0.980772
103 906.484619 681.537842 0.985466
104 907.686523 684.672546 0.989116
105 909.497192 688.625916 0.990503
106 910.254456 692.514099 0.990895
107 911.190552 696.500916 0.991225
108 911.332153 701.176697 0.988138
109 911.544067 705.714722 0.984152
110 911.552185 709.778687 0.991219
111 911.658203 714.708679 0.989996
112 911.633423 718.719116 0.982840
113 911.338196 722.908569 0.983371
114 911.304565 726.921387 0.973089
115 911.398987 730.730713 0.970938
116 912.112427 734.711487 0.964638
117 912.883728 739.728882 0.960234
118 913.503235 746.277649 0.935358
119 913.662842 753.729370 0.912665
120 913.834656 761.449158 0.899292
121 914.006714 769.649658 0.882815
122 914.180420 778.170532 0.862248
123 914.199158 786.729248 0.850972
124 913.560120 796.186279 0.870159
125 912.562500 805.848022 0.874873
126 910.631531 812.891907 0.874787
127 909.652100 818.813232 0.857663
128 907.832397 823.420959 0.988950
129 906.616089 826.356201 0.985995
130 905.591492 828.354675 0.975483
131 904.713379 829.399414 0.971872
132 905.422058 830.076599 0.972506
133 907.230774 829.875183 0.971060
134 910.041016 829.597046 0.973420
135 913.906494 829.538025 0.971865
136 917.927551 829.362366 0.972581
137 922.929626 829.394836 0.967597
138 928.885864 830.290588 0.967030
139 935.095581 830.958069 0.962430
140 941.239197 831.639282 0.953250
141 945.461609 832.369080 0.946465
142 948.429993 833.363220 0.945632
143 949.535767 835.084778 0.934025
144 949.762878 836.803894 0.917608
145 950.537109 838.361572 0.916347
146 951.336304 839.272400 0.904687
147 952.493713 840.911133 0.901701
148 954.637146 841.814697 0.903977
149 958.549866 842.691101 0.893766
150 962.495850 843.358948 0.910683

"head1"
1
151
0 857.139343 829.331909 0.989955
1 853.062439 829.363159 0.991751
2 848.298035 829.363159 0.993497
3 842.789246 829.425659 0.907104
4 836.530457 829.331909 0.918919
5 830.209167 829.300659 0.936222
6 823.762878 828.738159 0.945332
7 817.660339 828.550659 0.953233
8 811.745300 828.238159 0.960233
9 805.642761 827.675659 0.971995
10 799.602722 827.394409 0.976155
11 793.625183 826.769409 0.983193
12 787.647644 827.269409 0.987027
13 781.732605 827.331909 0.989758
14 777.093201 827.550659 0.990614
15 772.985046 827.894409 0.991367
16 770.308777 828.425659 0.992527
17 768.595642 828.488159 0.991831
18 768.314392 828.706909 0.991923
19 768.533142 828.675659 0.993193
20 769.871277 828.738159 0.993230
21 771.771912 828.519409 0.992067
22 775.323181 828.175659 0.994450
23 779.275085 826.806274 0.772941
24 783.883240 825.374390 0.786937
25 788.335144 823.473755 0.793195
26 792.474548 820.734985 0.792835
27 796.426453 818.277466 0.797491
28 800.321472 815.569946 0.799676
29 803.810242 813.237427 0.800997
30 807.705261 810.686157 0.801974
31 812.188416 808.816772 0.799991
32 817.478455 806.603638 0.820193
33 822.862244 804.296753 0.813848
34 829.308533 802.271118 0.818585
35 835.348572 799.407349 0.824179
36 842.388611 796.668579 0.831950
37 849.053650 794.642944 0.844041
38 855.281189 792.711060 0.852240
39 861.039978 791.497925 0.857186
40 866.580017 791.279175 0.868708
41 871.500671 792.367310 0.879504
42 875.333191 795.481079 0.898621
43 877.696960 799.682983 0.908362
44 878.535095 805.910522 0.930844
45 878.035095 813.476257 0.947744
46 875.978210 821.416992 0.956379
47 873.395691 829.576416 0.973175
48 870.031921 837.954590 0.979981
49 866.699402 845.645264 0.986878
50 863.648132 853.273438 0.989969
51 861.378113 859.313477 0.991723
52 859.164978 864.509766 0.993247
53 857.170593 868.680420 0.992847
54 855.394958 871.762939 0.990877
55 853.275574 874.251709 0.989685
56 851.249939 874.782959 0.988699
57 849.349304 874.595459 0.990642
58 847.261169 873.319824 0.991257
59 844.829285 869.643555 0.993266
60 842.403015 864.847900 0.709322
61 839.851746 858.432861 0.747792
62 837.269226 850.617188 0.780966
63 834.311707 842.244568 0.815673
64 831.479187 833.496948 0.856710
65 828.959167 825.525024 0.881507
66 826.564148 818.178101 0.917173
67 824.413513 810.737427 0.937031
68 822.544128 804.197388 0.952753
69 820.768494 796.725464 0.969128
70 819.242859 789.659790 0.980035
71 817.810974 783.213501 0.988979
72 816.660339 776.517212 0.992063
73 815.915955 770.102173 0.991049
74 815.415955 763.499634 0.991355
75 814.853455 757.615845 0.985956
76 814.665955 752.538940 0.981420
77 815.009705 747.092651 0.977785
78 816.035339 741.021362 0.974638
79 817.592224 734.262573 0.964685
80 818.836609 726.415649 0.956821
81 820.018494 718.043091 0.941264
82 821.169128 709.389221 0.926478
83 821.825378 700.766602 0.906268
84 822.419128 693.513428 0.883373
85 822.887878 687.567139 0.870128
86 823.012878 683.333984 0.858198
87 823.169128 681.464600 0.845259
88 823.419128 681.527100 0.847107
89 823.075378 683.646484 0.845947
90 823.075378 687.447754 0.858822
91 823.044128 692.024658 0.865892
92 822.762878 697.257813 0.883400
93 823.169128 702.240967 0.896104
94 823.481628 706.974121 0.903688
95 824.044128 711.519775 0.918249
96 825.069763 716.065430 0.926201
97 825.476013 719.892334 0.930260
98 826.069763 723.474854 0.939169
99 826.694763 726.463623 0.939745
100 827.319763 729.389893 0.945343
101 828.314148 732.409912 0.951462
102 829.371033 735.367432 0.955564
103 830.677917 738.356201 0.959084
104 832.016052 741.657471 0.967875
105 833.072937 745.333740 0.972116
106 834.317322 749.348145 0.977517
107 835.311707 753.393799 0.980964
108 835.780457 757.720703 0.986321
109 836.249207 762.360107 0.989646
110 836.342957 766.343262 0.993099
111 836.436707 770.576416 0.992805
112 836.249207 774.283936 0.833314
113 835.561707 777.397705 0.839825
114 835.249207 780.448975 0.845039
115 834.624207 782.693359 0.853530
116 834.092957 785.119629 0.860150
117 833.499207 788.358398 0.861784
118 832.786072 792.247803 0.882446
119 831.635437 797.506592 0.897574
120 830.891052 802.208496 0.913796
121 830.359802 807.654785 0.941707
122 829.365417 813.351074 0.956440
123 828.402283 819.609863 0.973882
124 827.064148 826.519287 0.984854
125 825.413513 833.246826 0.990903
126 823.637878 838.599365 0.724152
127 821.705994 842.707520 0.743253
128 819.867859 845.852539 0.756234
129 818.342224 848.065674 0.775383
130 817.066589 849.372559 0.792069
131 816.504089 849.935059 0.801635
132 816.660339 849.872559 0.811447
133 817.935974 849.810059 0.821071
134 820.362244 849.341309 0.833352
135 823.507263 848.841309 0.858443
136 827.089783 848.466309 0.864552
137 831.697937 848.560059 0.892713
138 836.899841 848.841309 0.915324
139 842.971130 849.898193 0.936384
140 848.698669 850.585693 0.952352
141 852.931824 851.085693 0.965111
142 855.326843 851.830078 0.973129
143 856.477478 853.230713 0.977030
144 856.758728 854.225098 0.980968
145 857.227478 855.438232 0.985299
146 857.727478 856.651367 0.984979
147 859.190613 858.208252 0.986947
148 861.835632 860.233887 0.990646
149 865.418152 862.197021 0.991432
150 870.120056 864.066406 1.000000

"head2"
1
151
0 1009.860474 840.414612 1.000000
1 1006.340454 839.789612 0.991626
2 1002.076050 839.445862 0.988089
3 996.842896 839.258362 0.975705
4 991.302856 838.477112 0.965125
5 985.012817 837.664612 0.947690
6 978.754028 837.258362 0.926623
7 972.526489 836.201477 0.915021
8 966.517700 835.207092 0.891235
9 960.352661 834.212708 0.869558
10 953.687622 832.749573 0.854442
11 947.053833 832.030823 0.836337
12 940.013794 831.343323 0.822827
13 933.036255 830.005188 0.809266
14 927.058716 829.005188 0.800611
15 922.231812 827.792053 0.783864
16 918.368042 826.792053 0.770367
17 915.691772 825.672668 0.758955
18 914.541138 824.522034 0.754911
19 914.072388 823.027649 0.738539
20 915.066772 822.033264 0.723744
21 917.461792 819.695129 0.712486
22 920.825562 817.268860 0.992450
23 925.433716 814.623840 0.989553
24 930.448120 811.291321 0.981364
25 935.400024 807.490051 0.969362
26 940.258179 803.688782 0.955160
27 944.866333 799.736877 0.939128
28 949.193237 796.248108 0.923838
29 953.363892 792.571838 0.901222
30 957.628296 789.270569 0.876307
31 962.580200 786.313049 0.860197
32 968.338989 783.543030 0.837789
33 974.785278 780.773010 0.812802
34 981.694702 777.815491 0.789248
35 988.697876 775.232971 0.776591
36 995.951050 772.369202 0.749990
37 1003.204224 769.661682 0.728507
38 1009.931763 767.511047 0.718161
39 1015.721802 766.266663 0.713435
40 1021.511841 765.829163 0.706739
41 1026.526245 767.636047 0.729613
42 1030.202515 771.406067 0.758977
43 1032.753784 777.133606 0.800056
44 1033.472534 784.386841 0.853454
45 1032.634399 792.790649 0.900080
46 1030.640015 801.757019 0.934386
47 1027.682495 811.379639 0.965394
48 1024.131226 820.627258 0.974772
49 1020.579956 829.249878 0.973105
50 1016.903687 837.190552 0.955076
51 1013.977417 844.037476 0.928454
52 1011.519897 850.358765 0.906738
53 1008.906128 855.091919 0.871637
54 1006.479858 858.856323 0.849870
55 1003.928589 861.532593 0.834696
56 1001.627319 863.245728 0.820298
57 999.451050 863.245728 0.812567
58 997.394165 861.688843 0.833352
59 995.092896 858.668823 0.854808
60 992.729126 854.123169 0.881635
61 990.427856 847.551880 0.922829
62 988.095337 839.767456 0.960905
63 985.606567 831.363586 0.981492
64 982.961548 822.928467 0.987130
65 980.597778 814.612793 0.977992
66 978.421509 807.297058 0.960947
67 976.489624 800.200073 0.937693
68 974.620239 793.290649 0.911451
69 973.282104 786.287415 0.878922
70 971.881470 779.315430 0.844589
71 970.855835 772.312195 0.812514
72 970.199585 765.584656 0.768206
73 969.543335 758.700867 0.739531
74 969.355835 752.379578 0.703894
75 969.230835 746.402039 0.991506
76 969.418335 740.487000 0.988585
77 970.230835 735.228210 0.985947
78 971.662720 728.594421 0.977098
79 973.407104 721.528687 0.970847
80 974.932739 713.588013 0.953531
81 976.614624 705.334778 0.931203
82 977.640259 696.587158 0.906738
83 978.478394 688.365234 0.887425
84 979.410278 680.768311 0.861176
85 979.660278 674.665771 0.844042
86 980.441528 670.713867 0.833973
87 980.379028 668.594482 0.825211
88 980.754028 669.219482 0.832760
89 980.754028 671.401367 0.841636
90 980.816528 675.603271 0.866989
91 980.629028 680.617676 0.880205
92 980.629028 685.694580 0.899523
93 980.660278 691.328369 0.914202
94 981.347778 696.374023 0.928185
95 981.972778 701.232178 0.943394
96 982.504028 705.496582 0.952701
97 983.160278 710.167236 0.958512
98 983.504028 713.624756 0.969233
99 983.910278 716.613525 0.973047
100 984.717163 720.196045 0.975954
101 985.555298 723.247314 0.979847
102 986.549683 726.392334 0.984046
103 987.919067 729.474854 0.988339
104 989.257202 732.557373 0.989022
105 990.282837 736.446777 0.990995
106 991.464722 740.336182 0.991474
107 992.214722 744.506836 0.990851
108 992.808472 748.833740 0.990278
109 992.964722 753.473145 0.986255
110 993.152222 757.487549 0.979602
111 993.089722 762.345703 0.973987
112 992.777222 766.578857 0.967529
113 992.245972 771.124512 0.949325
114 991.683472 775.576416 0.932589
115 991.214722 780.434570 0.902825
116 990.714722 785.605225 0.863521
117 990.120972 791.832764 0.807302
118 989.495972 799.554688 0.731165
119 988.501587 808.177307 0.978157
120 986.944702 816.643677 0.932562
121 985.762817 825.547546 0.854165
122 984.268433 834.357666 0.761140
123 982.617798 842.704590 0.976278
124 980.560913 851.452209 0.929631
125 978.347778 859.455444 0.863254
126 976.171509 865.682983 0.791036
127 973.713989 870.728638 0.725751
128 971.407104 874.436157 0.989552
129 969.443970 876.836792 0.982878
130 967.762085 878.549927 0.978056
131 966.955200 879.388062 0.968801
132 966.986450 879.513062 0.956494
133 968.074585 879.325562 0.952463
134 969.975220 878.825562 0.945643
135 972.407104 878.606812 0.931137
136 975.427124 878.325562 0.989393
137 978.853394 878.013062 0.991075
138 983.305298 877.731812 0.987903
139 988.225952 877.419312 0.985601
140 993.084106 876.731812 0.985436
141 998.916809 878.423645 1.000000
142 1000.573059 878.548645 0.988879
143 1001.385559 878.798645 0.975747
144 1001.166809 879.767395 0.964685
145 1001.448059 880.548645 0.955497
146 1002.448059 880.673645 0.945515
147 1004.179565 882.804749 -1.000000
148 1007.058777 883.129700 -1.000000
149 1010.958862 883.334839 -1.000000
150 1015.723511 883.154602 1.000000

"head3"
1
151
0 1042.292847 665.297058 1.000000
1 1038.835327 664.427673 0.993126
2 1034.508423 663.495789 0.992845
3 1029.900269 662.532654 0.989635
4 1024.453979 661.569519 0.987373
5 1018.663940 660.606384 0.983508
6 1012.498901 659.518250 0.978653
7 1006.615112 658.398865 0.976049
8 1000.606323 656.748230 0.969388
9 994.441284 655.535095 0.965150
10 987.807495 654.165710 0.958555
11 981.048706 652.483826 0.952928
12 973.732971 651.426941 0.949563
13 966.817932 650.213806 0.953574
14 960.215393 648.594421 0.949281
15 954.581604 647.350037 0.947495
16 949.598450 645.730652 0.945444
17 946.140930 644.486267 0.937810
18 944.021545 643.210632 0.938092
19 942.777161 641.716248 0.935400
20 942.683411 640.378113 0.933977
21 943.027161 638.539978 0.921229
22 945.021545 636.207458 0.913921
23 947.729065 633.562439 0.897826
24 950.936584 630.698669 0.881020
25 954.519104 627.522400 0.858647
26 958.226624 624.127380 0.829510
27 961.527893 620.826111 0.805418
28 964.797913 617.743591 0.788923
29 967.599182 614.754822 0.761029
30 970.962952 612.266052 0.739980
31 974.232971 609.683533 0.718533
32 978.528625 607.564148 0.701550
33 983.636780 605.569763 0.992031
34 989.333069 603.419128 0.988400
35 994.810608 601.737244 0.984889
36 1000.506897 599.742859 0.977956
37 1005.740051 597.748474 0.969572
38 1011.155151 596.472839 0.962701
39 1015.575806 595.509705 0.957896
40 1020.308960 595.603455 0.960436
41 1024.604614 596.785339 0.960249
42 1028.405884 600.211609 0.971014
43 1031.425903 604.444763 0.982346
44 1033.326538 610.172302 0.988271
45 1033.514038 616.962341 0.986663
46 1032.732788 624.278076 0.976804
47 1031.269653 631.906250 0.951602
48 1029.400269 640.315674 0.906633
49 1026.567749 647.881348 0.857994
50 1024.235229 655.790771 0.790940
51 1021.496460 662.981445 0.737687
52 1019.564575 669.396484 0.986612
53 1017.476440 674.598389 0.977069
54 1015.482056 678.769043 0.960042
55 1013.581421 681.757813 0.945817
56 1011.774536 683.439697 0.938866
57 1010.248901 683.564697 0.942436
58 1008.285767 682.289063 0.949449
59 1006.572632 678.831543 0.966035
60 1004.734497 673.754639 0.984589
61 1002.708862 667.339600 0.991526
62 1001.151978 659.773865 0.985373
63 999.532593 652.239380 0.966992
64 997.663208 645.204956 0.946076
65 996.262573 638.295532 0.909688
66 994.580688 632.317993 0.877039
67 993.211304 626.496704 0.845533
68 992.341919 621.263550 0.821908
69 991.191284 615.692261 0.776361
70 990.597534 610.365356 0.740007
71 989.847534 605.225952 0.708583
72 989.472534 600.242798 0.991983
73 989.347534 595.353394 0.982395
74 988.878784 590.401489 0.967400
75 988.597534 585.449585 0.952403
76 988.597534 581.310181 0.937650
77 989.498169 576.920776 0.924102
78 990.836304 572.312622 0.911709
79 992.518188 567.116333 0.896475
80 993.793823 561.388794 0.873191
81 995.319458 555.536255 0.846699
82 996.313843 549.589966 0.814647
83 997.589478 544.331177 0.783538
84 998.183228 538.822388 0.741387
85 998.620728 534.620483 0.727581
86 998.901978 531.694214 0.991575
87 999.708862 530.637329 0.989783
88 1000.427612 530.481079 0.991094
89 1001.271362 532.225464 0.991931
90 1001.333862 534.563599 0.993651
91 1001.646362 537.802368 0.989664
92 1002.240112 541.384888 0.985100
93 1002.583862 544.654907 0.977992
94 1003.490112 547.956177 0.974555
95 1004.177612 551.257446 0.965999
96 1005.203247 554.371216 0.959958
97 1005.703247 557.297485 0.950789
98 1006.635132 559.723755 0.943133
99 1007.410767 562.306274 0.932453
100 1008.285767 564.519409 0.922939
101 1009.436401 566.670044 0.917090
102 1010.587036 569.315063 0.902795
103 1011.800171 571.403198 0.889958
104 1012.607056 573.641968 0.876165
105 1013.726440 576.380737 0.867807
106 1014.720825 579.275757 0.846368
107 1015.377075 582.295776 0.833355
108 1015.502075 585.347046 0.820366
109 1015.595825 588.648315 0.804395
110 1015.658325 591.980835 0.784161
111 1015.595825 595.469604 0.759373
112 1015.783325 599.239624 0.734510
113 1015.814575 602.665894 0.721752
114 1016.590210 606.524048 0.992319
115 1018.147095 610.788452 0.986401
116 1019.797729 615.552856 0.979570
117 1021.760864 621.342896 0.963158
118 1023.755249 627.695435 0.930718
119 1026.275269 635.354858 0.890869
120 1028.238403 643.389282 0.822219
121 1029.764038 651.454956 0.764543
122 1031.227173 659.645630 0.982096
123 1032.284058 667.805054 0.941384
124 1033.096558 676.490173 0.885746
125 1033.065308 684.368408 0.817932
126 1032.877808 690.908447 0.745002
127 1032.471558 696.417236 0.987788
128 1031.633423 700.494141 0.974872
129 1030.764038 703.639160 0.960283
130 1030.232788 705.571045 0.947552
131 1030.014038 706.940430 0.934409
132 1030.482788 707.502930 0.926819
133 1032.164673 707.565430 0.914077
134 1034.622192 707.565430 0.906891
135 1038.204712 707.502930 0.889914
136 1041.474731 707.471680 0.871865
137 1045.395386 707.721680 0.851003
138 1049.659790 707.721680 0.823168
139 1054.142944 707.784180 0.794480
140 1057.850464 707.377930 0.762965
141 1060.682983 707.721680 0.736267
142 1062.396118 708.659180 0.704317
143 1063.515503 709.747314 0.988550
144 1064.015503 711.335449 0.981137
145 1064.546753 712.454834 0.975222
146 1065.078003 713.042969 0.970299
147 1065.828003 713.693604 0.965585
148 1067.009888 713.506104 0.963090
149 1068.348022 712.667969 0.961326
150 1070.092407 711.048584 0.957397

"head4"
1
151
0 837.403748 653.231018 0.901616
1 833.122498 653.324768 0.901462
2 828.278748 653.387268 0.907800
3 822.622498 653.543518 0.919609
4 816.528748 653.481018 0.930624
5 810.341248 653.481018 0.941500
6 804.278748 653.356018 0.945830
7 798.216248 653.356018 0.958028
8 791.997498 652.949768 0.963434
9 786.434998 652.731018 0.975274
10 780.591248 652.449768 0.979126
11 774.778748 652.543518 0.984246
12 768.653748 652.762268 0.988790
13 762.684998 653.574768 0.991221
14 757.309998 654.199768 0.990840
15 752.716248 654.949768 1.000000
16 748.489319 655.644958 0.946522
17 747.051819 656.488708 0.971350
18 745.901184 657.326843 0.983492
19 745.713684 657.733093 0.987555
20 745.901184 658.358093 0.989393
21 746.864319 658.389343 0.990360
22 748.514954 658.264343 1.000000
23 751.294250 657.778076 -1.000000
24 754.384155 656.805908 -1.000000
25 757.680969 655.451660 -1.000000
26 761.075256 653.493286 -1.000000
27 764.058105 651.394287 -1.000000
28 766.176331 649.326538 0.820276
29 767.795715 647.488403 0.814300
30 770.221985 645.744019 0.801974
31 773.367004 644.249634 0.805518
32 777.318909 642.723999 0.812212
33 781.520813 640.885864 0.809684
34 786.285217 638.709595 0.809895
35 791.393372 636.902710 0.824027
36 796.532776 635.220825 0.831601
37 801.609680 633.320190 0.843779
38 806.499084 631.669556 0.848862
39 810.982239 630.643921 0.855425
40 815.621643 630.331421 0.864845
41 819.636047 630.643921 0.879618
42 823.281067 632.638306 0.901233
43 825.957336 635.658325 0.916838
44 827.701721 640.422729 0.940084
45 828.295471 646.119019 0.957267
46 827.389221 652.440308 0.975200
47 825.613586 659.443481 0.984586
48 823.156067 666.696716 0.991383
49 820.417297 673.762451 0.992193
50 818.053528 680.677490 0.987304
51 815.777893 687.155029 0.981983
52 813.689758 692.601318 0.971189
53 812.164124 697.209473 0.956178
54 810.388489 700.604492 0.950254
55 808.675354 702.786377 0.939028
56 806.899719 704.124512 0.936174
57 805.374084 703.749512 0.935645
58 803.504700 701.848877 0.947264
59 801.791565 698.547607 0.962891
60 800.234680 693.439453 0.975542
61 798.365295 686.993164 0.988793
62 796.589661 679.427490 0.724789
63 794.845276 671.393066 0.791852
64 793.163391 663.827393 0.845945
65 791.450256 657.068604 0.882805
66 789.768372 650.528564 0.918069
67 788.711487 644.519775 0.940083
68 787.623352 638.604736 0.963150
69 786.967102 633.064697 0.976274
70 786.529602 627.524658 0.986808
71 785.685852 621.859619 0.991856
72 785.310852 616.782715 0.993399
73 785.248352 611.768311 0.987500
74 785.529602 607.160156 0.980685
75 785.404602 602.302002 0.968690
76 785.529602 598.318848 0.960741
77 785.873352 594.179443 0.952825
78 787.055237 589.321289 0.942643
79 788.299622 583.656250 0.926414
80 790.169006 577.709961 0.910944
81 791.475891 571.607422 0.888260
82 792.564026 565.504883 0.851214
83 793.683411 559.621094 0.819949
84 794.771545 554.393555 0.791238
85 795.427795 549.785400 0.759231
86 796.021545 546.984131 0.741675
87 796.459045 545.489746 0.725030
88 796.865295 545.302246 0.725603
89 797.365295 546.452881 0.740212
90 797.552795 549.316650 0.768428
91 797.927795 551.961670 0.781537
92 798.146545 555.387939 0.803452
93 798.615295 558.720459 0.817701
94 798.990295 561.896729 0.831887
95 800.203430 565.291748 0.861418
96 800.947815 567.874268 0.861674
97 801.541565 570.706787 0.870602
98 801.979065 573.476807 0.890570
99 802.697815 575.715576 0.894477
100 803.629700 577.741211 0.904796
101 804.624084 580.141846 0.912568
102 805.805969 582.229980 0.922926
103 806.675354 584.349365 0.929781
104 807.607239 586.593750 0.941014
105 808.695374 589.488770 0.950401
106 809.351624 592.258789 0.957101
107 809.820374 595.497559 0.966486
108 809.851624 598.798828 0.970740
109 809.976624 602.318848 0.981847
110 809.976624 605.495117 0.986703
111 810.132874 608.702637 0.991504
112 809.789124 611.410156 0.993409
113 809.820374 613.836426 0.993724
114 810.351624 615.799561 0.712331
115 811.346008 617.387695 0.717905
116 812.559143 618.382080 0.732410
117 814.397278 619.626465 0.751796
118 816.204163 621.808350 0.772178
119 818.198547 624.703369 0.809543
120 820.442932 628.223389 0.853599
121 822.499817 631.743408 0.883881
122 824.212952 636.507813 0.922837
123 825.332336 641.615967 0.949964
124 825.894836 647.718506 0.976124
125 825.832336 653.696045 0.990443
126 825.519836 659.022949 0.740792
127 824.712952 663.006104 0.776567
128 824.062317 666.338623 0.803569
129 823.312317 668.702393 0.817219
130 822.505432 670.009277 0.828154
131 822.317932 670.603027 0.835865
132 823.005432 671.009277 0.854428
133 824.781067 670.634277 0.853011
134 827.863586 670.103027 0.865764
135 831.815491 669.509277 0.883882
136 836.673645 669.134277 0.894888
137 842.000549 669.040527 0.913088
138 847.321838 669.571777 0.926109
139 853.299377 670.321777 0.942020
140 858.651917 671.284912 0.958268
141 863.228821 671.784912 0.970735
142 866.248840 672.810547 0.975424
143 867.868225 674.429932 0.977778
144 868.925110 675.768066 0.980843
145 869.425110 677.418701 0.984137
146 870.050110 679.038086 0.986216
147 870.612610 680.719971 0.988467
148 871.763245 682.745605 0.990220
149 873.132629 684.864990 0.992329
150 874.752014 687.015625 1.000000
